NODE_82_length_1156_cov_19.601555:88 NODE_82_length_1156_cov_19.601555_pilon:88 C T
NODE_99_length_445_cov_35.389937:33 NODE_99_length_445_cov_35.389937_pilon:33 G A
